list_price,discount_pct,promo_flag,units_sold,net_sales,gross_sales,margin_pct
1.0,-0.043,-0.048,-0.083,0.581,0.563,0.023
-0.043,1.0,0.925,0.293,0.083,0.171,-0.535
-0.048,0.925,1.0,0.296,0.091,0.169,-0.494
-0.083,0.293,0.296,1.0,0.628,0.652,-0.157
0.581,0.083,0.091,0.628,1.0,0.992,-0.044
0.563,0.171,0.169,0.652,0.992,1.0,-0.091
0.023,-0.535,-0.494,-0.157,-0.044,-0.091,1.0
